Do $A_{11} = 0$, ta không thể áp dụng trực tiếp phương pháp viền quanh. Ta thực hiện hoán vị dòng 1 và dòng 2 của ma trận $A$ để được ma trận $A'$, sau đó tìm nghịch đảo của $A'$ và suy ra $A^{-1}$ bằng cách hoán vị cột 1 và cột 2 của $(A')^{-1}$.

Ma trận $A'$:
```
[[10.  0. -7.  9. -3.  5.]
 [ 0. -5. -8. -5. -1. -4.]
 [-3.  4. -5. -3.  7.  5.]
 [ 2.  8.  7. -6.  2. -3.]
 [-6. 10. -5. -5.  1.  1.]
 [ 5.  1.  7.  2.  9. -9.]]
```

### Bước 1 (k = 1)
- $A_1 = [10.0000]$
- $A_1^{-1} = [0.100000]$

### Bước 2 (k = 2)
- $u_2 = $ [0.0]
- $v_2^T = $ [0.0]
- $x_2 = A_{1}^{-1} u_2 = $ [0.0]
- $y_2^T = v_2^T A_{1}^{-1} = $ [0.0]
- $\alpha_2 = a_{22} - v_2^T x_2 = -5.000000$
- $s_2 = 1 / \alpha_2 = -0.200000$
- $q_2 = -s_2 x_2 = $ [0.0]
- $r_2^T = -s_2 y_2^T = $ [0.0]
- Ma trận $A_2^{-1}$:
```
[[ 0.1  0. ]
 [ 0.  -0.2]]
```

### Bước 3 (k = 3)
- $u_3 = $ [-7.0, -8.0]
- $v_3^T = $ [-3.0, 4.0]
- $x_3 = A_{2}^{-1} u_3 = $ [-0.7, 1.6]
- $y_3^T = v_3^T A_{2}^{-1} = $ [-0.3, -0.8]
- $\alpha_3 = a_{33} - v_3^T x_3 = -13.500000$
- $s_3 = 1 / \alpha_3 = -0.074074$
- $q_3 = -s_3 x_3 = $ [-0.0519, 0.1185]
- $r_3^T = -s_3 y_3^T = $ [-0.0222, -0.0593]
- Ma trận $A_3^{-1}$:
```
[[ 0.0844 -0.0415 -0.0519]
 [ 0.0356 -0.1052  0.1185]
 [-0.0222 -0.0593 -0.0741]]
```

### Bước 4 (k = 4)
- $u_4 = $ [9.0, -5.0, -3.0]
- $v_4^T = $ [2.0, 8.0, 7.0]
- $x_4 = A_{3}^{-1} u_4 = $ [1.123, 0.4904, 0.3185]
- $y_4^T = v_4^T A_{3}^{-1} = $ [0.2978, -1.3393, 0.3259]
- $\alpha_4 = a_{44} - v_4^T x_4 = -14.398519$
- $s_4 = 1 / \alpha_4 = -0.069452$
- $q_4 = -s_4 x_4 = $ [0.078, 0.0341, 0.0221]
- $r_4^T = -s_4 y_4^T = $ [0.0207, -0.093, 0.0226]
- Ma trận $A_4^{-1}$:
```
[[ 0.0612  0.063  -0.0773  0.078 ]
 [ 0.0254 -0.0596  0.1074  0.0341]
 [-0.0288 -0.0296 -0.0813  0.0221]
 [ 0.0207 -0.093   0.0226 -0.0695]]
```

### Bước 5 (k = 5)
- $u_5 = $ [-3.0, -1.0, 7.0, 2.0]
- $v_5^T = $ [-6.0, 10.0, -5.0, -5.0]
- $x_5 = A_{4}^{-1} u_5 = $ [-0.6315, 0.8034, -0.4087, 0.0505]
- $y_5^T = v_5^T A_{4}^{-1} = $ [-0.0725, -0.3603, 1.8311, 0.1093]
- $\alpha_5 = a_{55} - v_5^T x_5 = -12.613849$
- $s_5 = 1 / \alpha_5 = -0.079278$
- $q_5 = -s_5 x_5 = $ [-0.0501, 0.0637, -0.0324, 0.004]
- $r_5^T = -s_5 y_5^T = $ [-0.0058, -0.0286, 0.1452, 0.0087]
- Ma trận $A_5^{-1}$:
```
[[ 0.0576  0.0449  0.0144  0.0835 -0.0501]
 [ 0.03   -0.0366 -0.0092  0.0271  0.0637]
 [-0.0312 -0.0413 -0.022   0.0257 -0.0324]
 [ 0.021  -0.0916  0.0153 -0.0699  0.004 ]
 [-0.0058 -0.0286  0.1452  0.0087 -0.0793]]
```

### Bước 6 (k = 6)
- $u_6 = $ [5.0, -4.0, 5.0, -3.0, 1.0]
- $v_6^T = $ [5.0, 1.0, 7.0, 2.0, 9.0]
- $x_6 = A_{5}^{-1} u_6 = $ [-0.1202, 0.2331, -0.2097, 0.7613, 0.7061]
- $y_6^T = v_6^T A_{5}^{-1} = $ [0.09, -0.5414, 1.2462, 0.5622, -1.1189]
- $\alpha_6 = a_{66} - v_6^T x_6 = -15.040948$
- $s_6 = 1 / \alpha_6 = -0.066485$
- $q_6 = -s_6 x_6 = $ [-0.008, 0.0155, -0.0139, 0.0506, 0.0469]
- $r_6^T = -s_6 y_6^T = $ [0.006, -0.036, 0.0829, 0.0374, -0.0744]
- Ma trận $A_6^{-1}$:
```
[[ 0.0583  0.0406  0.0244  0.088  -0.059  -0.008 ]
 [ 0.0286 -0.0282 -0.0285  0.0184  0.081   0.0155]
 [-0.0299 -0.0489 -0.0046  0.0335 -0.048  -0.0139]
 [ 0.0164 -0.0642 -0.0478 -0.0983  0.0606  0.0506]
 [-0.01   -0.0032  0.0867 -0.0177 -0.0268  0.0469]
 [ 0.006  -0.036   0.0829  0.0374 -0.0744 -0.0665]]
```

### Kết luận
Ma trận nghịch đảo của ma trận gốc $A^-1$ thu được bằng cách hoán vị cột 1 và cột 2 của ma trận $(A')^{-1}$:
```
[[ 0.0406  0.0583  0.0244  0.088  -0.059  -0.008 ]
 [-0.0282  0.0286 -0.0285  0.0184  0.081   0.0155]
 [-0.0489 -0.0299 -0.0046  0.0335 -0.048  -0.0139]
 [-0.0642  0.0164 -0.0478 -0.0983  0.0606  0.0506]
 [-0.0032 -0.01    0.0867 -0.0177 -0.0268  0.0469]
 [-0.036   0.006   0.0829  0.0374 -0.0744 -0.0665]]
```

Kiểm tra sai số: $||A \cdot A^{-1} - I||_\infty = 6.52e-16$